1.0	101672.75650653586	0.30835	4.0
6.0	17079.760738834604	0.13065000000002372	1087.0
6.0	2.0093703047628093	0.0014174999793806209	2.0
6.0	0.00010851662239895273	1.0893262942963446e-6	1.0
6.0	6.217338639348839e-6	5.788611796947451e-7	0.0
6.0	6.977670514081904e-6	3.767057792526142e-7	0.0
6.0	4.898097352355975e-6	2.7273648573093157e-7	0.0
6.0	1.9519271541870827e-5	7.34724149470112e-7	0.0
6.0	7.652320916753528e-6	4.1138654174177315e-7	0.0
6.0	0.041009220368763345	0.0002025000016874159	2.0
6.0	1.3628878684199604e6	1.1595000000006128	1249.0
1.0	18.444007790228742	0.0010541527543364928	4698.0
6.0	1.309555670418581	0.0009084120505339778	2849.0
6.0	9.858615767766466e-6	8.710717563451615e-7	0.0
6.0	1.8860519723052405e-5	1.2012650828463922e-6	2.0
1.0	5.252173168384306	0.0005328874691194232	4468.0
6.0	2341.3409177966987	0.003356972377052043	9837.0
6.0	1.4833946290738077e-5	1.0995927006042248e-6	1.0
6.0	2.3299552935306823e-6	1.3827829599574917e-7	0.0
6.0	0.002067387811215906	3.0083510727411736e-6	1113.0
6.0	4.153647514790682e-5	6.347185705904841e-7	0.0
6.0	1.0108782657419378e-5	9.149183324594216e-7	0.0
6.0	4.019067918605614e-6	3.9558999335099726e-7	0.0
6.0	59095.60857191573	0.2266	4.0
6.0	13.654209990023107	0.0008935445679151405	5683.0
6.0	7.57364027763409e-5	8.794950913175192e-7	0.0
6.0	2.1736590886844364e-6	1.0442929177089682e-7	0.0
1.0	363640.5142874894	0.58465	66.0
3.0	1.8320427656629264e-5	1.206859915718651e-6	1.0
6.0	2.636202439250084e-5	1.2974952462499575e-6	1.0
6.0	179455.02461866158	0.41345	52.0
6.0	7.070137221748004e-7	6.12198702860049e-8	0.0
6.0	1.8922749738566677e-5	6.485671028284071e-7	0.0
1.0	513041.59907873115	0.7065000000000002	58.0
6.0	1008.1894687378294	0.03175199929443946	2.0
6.0	4.457885306172897e-6	5.295031811017786e-7	0.0
6.0	0.00015341171386879762	1.2857876599891982e-6	1.0
6.0	0.00019910667633190693	1.4950778126229248e-6	3.0
6.0	9.26187352039273e-5	9.862474378172204e-7	0.0
6.0	4.9535995642476555e-6	4.940707350616621e-7	0.0
6.0	5.328144486258797e-6	6.149526844650732e-7	0.0
6.0	3.936755280885884e-6	3.889908053157762e-7	0.0
6.0	2030.7265310925861	0.003088540228050004	9731.0
6.0	0.00019254487299598069	2.6233630284172534e-6	32.0
6.0	295.8344946900742	0.0155	5.0
6.0	1.5304801728098397e-5	6.806285630906043e-7	0.0
6.0	2.2309850527919625e-5	1.0873687411786943e-6	2.0
6.0	0.000614565552479771	2.4369121665105883e-6	898.0
6.0	0.0011083957947773063	2.6470022417530256e-6	1069.0
6.0	0.00011838838273096014	2.220507975608396e-6	14.0
6.0	0.00010659558421545156	1.0654878590636127e-6	1.0
6.0	0.0004684172621667238	2.1907170003899323e-6	38.0
6.0	3.42833708324749e-6	3.2219491402599384e-7	0.0
6.0	2.2698660688948397e-5	1.2208647466383105e-6	1.0
6.0	7.251479718026671e-7	7.20063587063126e-8	0.0
6.0	0.00220952153488165	1.2004137468946712e-5	1109.0
6.0	3.870098474207003e-5	6.210304041721025e-7	0.0
6.0	3.551611167938728e-5	6.147766696011624e-7	0.0
6.0	0.00013290633603149323	1.2082719466152528e-6	1.0
6.0	0.002188738886803333	3.7684158535645644e-6	1171.0
6.0	0.002060094715386604	2.9700375128489566e-6	1105.0
6.0	0.0022829320444305587	1.3433738393122994e-5	1133.0
6.0	32.704968614183315	0.005690790309848387	1243.0
6.0	0.014431728820185464	7.970578074290919e-5	1582.0
6.0	123.09253461014876	0.011000000000000001	9.0
6.0	48.11360213796997	0.0007977323675674469	8213.0
6.0	966.1523564298393	0.002128507699865014	9395.0
6.0	8.053156185356891e-5	9.000355343691109e-7	0.0
6.0	154143.7043876725	0.3749000000000002	4.0
6.0	0.0001456392524649231	1.1792762220175103e-5	2.0
6.0	1.3602938244010694e-5	1.0470244787944646e-6	1.0
6.0	0.00014845856301355333	1.2748496732317913e-6	1.0
6.0	142591.24530276417	0.3634000000000001	4.0
6.0	7.378952533621551e-5	2.0253588863373197e-6	5.0
6.0	4.578515156711337e-6	5.424734242829527e-7	0.0
1.0	2.0012550150979175e6	1.3497499704500078	338.0
6.0	0.0001478587184610578	1.2983287534022485e-6	1.0
6.0	0.00013765929379430973	1.2318700857119202e-6	1.0
6.0	4.491210277082898e-6	5.115116288733072e-7	0.0
6.0	1.4573417154484539e-5	1.1276905049992675e-6	1.0
6.0	1198.5632119687184	0.0022169226627924087	9302.0
6.0	0.002066476937023128	3.052207221576823e-6	1115.0
6.0	0.00044027625045622685	7.926217585609754e-6	87.0
6.0	0.0008580923753208737	8.272877444499044e-6	150.0
6.0	0.7519066702339919	0.0004048646598439418	3071.0
6.0	1.197760370400592e-5	6.8908876354711e-7	0.0
6.0	0.00238766037680383	1.025394199138489e-5	1214.0
1.0	0.00021459411869761996	8.091814321002005e-6	77.0
6.0	0.0004892144958245819	5.61447316189299e-6	67.0
6.0	408454.34527414123	0.6258000000000001	7.0
6.0	1.1127240123653153e6	1.0403001139116559	10178.0
6.0	8.137129422326523e-6	6.573758238500013e-7	0.0
6.0	1.4490232769357017e-5	1.05656306175951e-6	2.0
1.0	1.7891558870714075	0.0003012092080628583	3984.0
1.0	187100.23380926068	0.42695000000000005	7.0
6.0	2.125767714696247	0.0014579999684593635	2.0
6.0	0.0005522427236101132	1.5786630120283888e-6	472.0
6.0	1.2509807255073487e-5	6.614688412440402e-7	0.0
6.0	9.25731294921994e-6	5.809009730771307e-7	0.0
6.0	9.307288201705606e-5	2.118054677340522e-6	43.0
6.0	0.002005562250997026	2.7474353667930138e-6	1080.0
6.0	0.0007414695286538611	2.4749209415328077e-6	1035.0
6.0	2.841014535964174e-6	4.73234779203204e-7	0.0
6.0	67.50748926862806	0.0004604810641328687	8225.0
6.0	0.0027474876407179057	7.589738889589053e-6	1315.0
6.0	5.2157218731224806e-5	8.4212411390845e-7	0.0
1.0	0.012776484995964038	5.9519533678709146e-5	105.0
1.0	0.012771513817234228	5.947531049748489e-5	105.0
6.0	1999.1628596496328	0.04471199900642803	2.0
6.0	980.1583336476209	0.0019442731239065817	9151.0
6.0	4.970299903787692e-6	5.717890340669405e-7	0.0
6.0	77.951399987403	0.00882899980826251	3.0
6.0	8.860422966212228	0.0007016643349786492	5595.0
6.0	12758.179071113522	0.09910000000000001	5.0
6.0	1.8802495590748748e-5	6.861318336360027e-7	0.0
6.0	8.318105009451885e-5	8.621995508220494e-7	0.0
6.0	7.063638666644741e-7	7.564157468955548e-8	0.0
6.0	4.159652152063706e-5	6.613378376839583e-7	0.0
6.0	7.160063493710103e-5	3.5597659383742163e-6	15.0
6.0	0.00032937959249352194	7.66319345515664e-6	80.0
6.0	0.0011765434979177842	2.7000386365375605e-6	1086.0
6.0	0.001121776304384987	2.636040060264587e-6	1071.0
6.0	0.0003949036092028403	2.9132855970112527e-6	44.0
6.0	0.0030561605165699292	1.3559551384578085e-5	1246.0
6.0	243.126050413103	0.015592499653580357	2.0
6.0	3517.74380602907	0.0042476852598738145	10093.0
6.0	4.9220108669087366e-5	1.351206541728763e-6	1.0
6.0	217356.94311936875	0.465600000543036	5851.0
6.0	0.4740774008363715	0.0006885000008296247	2.0
6.0	1.2623645192603778e-5	1.0054633022252417e-6	1.0
6.0	56.08242624190472	0.0005243660375621749	7980.0
6.0	7.036886840362157e-5	8.708124087417441e-7	0.0
6.0	1.1791243955963306e-5	9.639763427660879e-7	0.0
6.0	9.07489327585555	0.0007071283230561253	5879.0
6.0	5907.908401948233	0.0711	4.0
6.0	0.00017492041820024482	9.052956157167645e-7	0.0
3.0	135713.30449520904	0.3644	38.0
6.0	257.2175042290384	0.016037999644678634	2.0
6.0	2.187493289002181e-6	1.049832453342464e-7	0.0
6.0	3.39573967704945e-5	1.3010703262293999e-6	3.0
6.0	6.541679247519513e-6	6.878812916594331e-7	0.0
6.0	0.00043346839564270377	9.329429663324823e-6	128.0
1.0	0.00041345847961746045	8.84686781156044e-6	122.0
6.0	816.3024038014509	0.0017191480811855355	9140.0
6.0	2.412951965755681e-5	1.3734887994576695e-6	1.0
6.0	7.855687880056046e-5	1.8648660242525572e-6	37.0
6.0	189144.29349997352	0.4159500000000682	1075.0
6.0	1.6870766381660287	0.0012959999721667839	1144.0
6.0	7.324568022260485e-5	1.1673331467549382e-6	3.0
6.0	2.7642804833855554	0.0001524130639874202	5897.0
6.0	5.221463215076491e-5	7.101502041382082e-7	0.0
6.0	2.2329412215346253e-6	1.1334027776457136e-7	0.0
6.0	0.00012420682233654637	6.956365717771817e-7	0.0
6.0	0.002079253303689985	3.1202753123628505e-6	1113.0
6.0	0.0008153983897633564	1.7938752655268876e-6	956.0
1.0	0.17278371554199953	0.00030176891749961394	11.0
6.0	5.534426905547918e-6	5.005413459798325e-7	0.0
6.0	0.0016060639505106188	2.8008131386613205e-6	1089.0
6.0	419.9630814415645	0.020492999545208175	2.0
1.0	3.250325853363134	0.0004076760245738379	4247.0
6.0	1.307608968692504	0.0002561039733731125	4893.0
6.0	1.783276056270701e-5	1.187007481700622e-6	1.0
6.0	0.0020659585511778695	2.9725866008424325e-6	1111.0
6.0	11.5538579081405	0.0009636884419795602	8231.0
6.0	6.767148565715261	0.0007580885422006158	6063.0
6.0	55.23423750947046	0.002001358723554796	6445.0
6.0	47.264986802776775	0.0018240280820442858	6464.0
1.0	0.4712750308921148	0.00047856153350837784	1662.0
6.0	0.04107102163979813	0.00020250007251609926	2.0
6.0	0.04100985690615259	0.00020250000168741569	2.0
6.0	288.5177585873937	0.0009947119261889742	8730.0
6.0	2.6157547035508414e-5	2.1628311093514953e-6	13.0
6.0	65701.40498489329	0.2528000000000008	4.0
6.0	1.476228409612392	0.0012149999740312361	2.0
6.0	0.45259858176470075	4.86166954401039e-5	2420.0
6.0	0.0006466453562316643	4.304069816966687e-6	236.0
6.0	7.452590667939464e-5	4.437376223142455e-6	17.0
6.0	5925.424015906677	0.005820059989272634	10571.0
6.0	2.713136674292717e-5	1.9056644540699192e-6	6.0
6.0	0.002083898606971763	3.0568226237205914e-6	1119.0
6.0	16928.704035752286	0.12865000000000001	1198.0
1.0	0.06828045874891814	0.000261361080637721	4.0
6.0	0.0001935850322511215	1.9630044360655435e-6	15.0
6.0	0.0005823125634983883	7.60054530083839e-6	95.0
6.0	0.00014192955424220216	1.2594456032702987e-6	1.0
6.0	0.0004670174514299431	2.196683118512349e-6	38.0
6.0	0.0002830965033233852	3.4174102563306758e-6	112.0
6.0	6328.423146497272	0.006043370915661225	10639.0
1.0	95651.94090046387	0.29885000000000006	14.0
6.0	140550.0100073083	0.3749000000000001	2.0
6.0	0.002058945622718252	2.9099959826931784e-6	1106.0
6.0	2.6866220747126097e-5	1.5977523258362707e-6	4.0
6.0	9.065907410404436e-6	4.30104420444994e-7	0.0
6.0	3.8521222024233875e-6	3.999421113553383e-7	0.0
6.0	3331.040089342406	0.055549999999999995	1082.0
6.0	3889.144634545127	0.00452261663413681	10150.0
6.0	1.6595356475166073e-5	6.801817025213742e-7	0.0
6.0	5.7607938869028345e-5	1.7929843224598886e-6	1.0
6.0	6.037714187729279e-6	5.26252302264826e-7	0.0
6.0	2.0063251838368052e-5	1.0563546686391055e-6	1.0
